image: lab2.pgm
resolution: 0.110000
origin: [-16.500000, -16.500000, -nan]
negate: 0
occupied_thresh: 0.65
free_thresh: 0.196

