image: lab2simsecond.pgm
resolution: 0.020000
origin: [-6.500000, -6.500000, -nan]
negate: 0
occupied_thresh: 0.65
free_thresh: 0.196

